0.000989820454294,8.77356103325,
1

0.000167617055595,5.61048380956,
1

0.000636007604562,0.121738193121,
1

0.00019038767897,0.121614409847,
1

0.000255303145771,0.121490630831,
1

0.000701064872871,0.121366856074,
1

0.00099094958663,0.000212010325119,
2

0.000989820454294,8.77356103325,
1

0.000167617055595,5.61048380956,
1

0.000636007604562,0.121738193121,
1

0.00019038767897,0.121614409847,
1

0.000255303145771,0.121490630831,
1

0.000701064872871,0.121366856074,
1

0.00099094958663,0.000212010325119,
2

0.000989820454294,8.77356103325,
1

0.000167617055595,5.61048380956,
1

0.000636007604562,0.121738193121,
1

0.00019038767897,0.121614409847,
1

0.000255303145771,0.121490630831,
1

0.000701064872871,0.121366856074,
1

0.00099094958663,0.000212010325119,
2

0.000989820454294,8.77356103325,
1

0.000167617055595,5.61048380956,
1

0.000989820454294,8.77356103325,
1

0.000167617055595,5.61048380956,
1

0.000989820454294,8.77356103325,
1

0.000167617055595,5.61048380956,
1

0.000989820454294,8.77356103325,
1

0.000167617055595,5.61048380956,
1

0.000636007604562,0.121738193121,
1

0.00019038767897,0.121614409847,
1

0.000255303145771,0.121490630831,
1

0.000701064872871,0.121366856074,
1

0.00099094958663,0.000212010325119,
2

0.000989820454294,8.77356103325,
1

0.000167617055595,5.61048380956,
1

0.000636007604562,0.121738193121,
1

0.00019038767897,0.121614409847,
1

0.000255303145771,0.121490630831,
1

0.000701064872871,0.121366856074,
1

0.00099094958663,0.000212010325119,
2

0.000797967816339,6.00100803272,
1

0.000431670268782,6.00116581226,
1

6.53617127853e-05,6.00132358717,
1

0.000300957853341,6.00148135747,
1

0.000667288431316,6.00163912314,
1

2.34168796709e-05,6.07457541544e-05,
2

0.000725867488313,2.47475958372,
1

0.000950760965793,0.000700112925347,
2

2.14561120657e-05,4.95514830702,
1

0.000931722708316,0.000533084784608,
2

0.000989820454294,8.77356103325,
1

0.000167617055595,5.61048380956,
1

0.000636007604562,0.121738193121,
1

0.00019038767897,0.121614409847,
1

0.000255303145771,0.121490630831,
1

0.000701064872871,0.121366856074,
1

0.00099094958663,0.000212010325119,
2

0.000989820454294,8.77356103325,
1

0.000167617055595,5.61048380956,
1

0.000636007604562,0.121738193121,
1

0.00019038767897,0.121614409847,
1

0.000255303145771,0.121490630831,
1

0.000701064872871,0.121366856074,
1

0.00099094958663,0.000212010325119,
2

0.000989820454294,8.77356103325,
1

0.000167617055595,5.61048380956,
1

0.000989820454294,8.77356103325,
1

0.000167617055595,5.61048380956,
1

0.000989820454294,8.77356103325,
1

0.000167617055595,5.61048380956,
1

0.000636007604562,0.121738193121,
1

0.00019038767897,0.121614409847,
1

0.000255303145771,0.121490630831,
1

0.000701064872871,0.121366856074,
1

0.00099094958663,0.000212010325119,
2

0.000989820454294,8.77356103325,
1

0.000167617055595,5.61048380956,
1

0.000636007604562,0.121738193121,
1

0.00019038767897,0.121614409847,
1

0.000255303145771,0.121490630831,
1

0.000701064872871,0.121366856074,
1

0.00099094958663,0.000212010325119,
2

0.000423761343988,9.06561551712e-05,
2

0.000989820454294,8.77356103325,
1

0.000167617055595,5.61048380956,
1

0.000636007604562,0.121738193121,
1

0.00019038767897,0.121614409847,
1

0.000255303145771,0.121490630831,
1

0.000701064872871,0.121366856074,
1

0.00099094958663,0.000212010325119,
2

0.000587089774605,0.000125599977066,
2

